[[1.         0.31342762]
 [1.         0.04782414]
 [1.         1.2268657 ]
 [1.         1.38469515]
 [1.         1.75658822]
 [1.         1.74988283]
 [1.         1.6300326 ]
 [1.         0.18128271]
 [1.         0.51328457]
 [1.         1.88316285]
 [1.         1.14420857]
 [1.         0.02557213]
 [1.         1.53411299]
 [1.         1.46835106]
 [1.         1.49453258]
 [1.         1.24477314]
 [1.         0.47649209]
 [1.         0.09188474]
 [1.         0.82703643]
 [1.         1.83853606]
 [1.         0.8931889 ]
 [1.         1.54225257]
 [1.         1.81850992]
 [1.         1.01338279]
 [1.         1.74216094]
 [1.         1.30432576]
 [1.         1.36727767]
 [1.         1.80407737]
 [1.         1.07911025]
 [1.         1.64942194]
 [1.         1.25251983]
 [1.         0.73281532]
 [1.         1.93516964]
 [1.         1.03595575]
 [1.         0.87453052]
 [1.         1.03890818]
 [1.         0.99800791]
 [1.         0.05070974]
 [1.         1.99191862]
 [1.         1.65658207]
 [1.         0.54251883]
 [1.         0.91226119]
 [1.         0.90656475]
 [1.         1.65366782]
 [1.         0.69116318]
 [1.         0.25263729]
 [1.         0.91337924]
 [1.         0.72498402]
 [1.         1.13421002]
 [1.         1.73909897]
 [1.         1.49253847]
 [1.         0.36570178]
 [1.         1.47034778]
 [1.         0.30677966]
 [1.         0.6362761 ]
 [1.         1.80389637]
 [1.         0.25697635]
 [1.         1.73795531]
 [1.         0.17024139]
 [1.         0.26164144]
 [1.         0.52123434]
 [1.         0.47619993]
 [1.         1.32811588]
 [1.         0.3675009 ]
 [1.         0.55659176]
 [1.         0.43668661]
 [1.         0.16917598]
 [1.         0.43514433]
 [1.         1.64600155]
 [1.         1.54041045]
 [1.         0.12518601]
 [1.         0.39261312]
 [1.         1.57177709]
 [1.         1.25415105]
 [1.         1.4303065 ]
 [1.         1.06845195]
 [1.         1.410444  ]
 [1.         1.67439916]
 [1.         0.56210324]
 [1.         0.21991038]
 [1.         1.7583828 ]
 [1.         0.4705514 ]
 [1.         1.28090278]
 [1.         1.64999662]
 [1.         1.82630533]
 [1.         0.36168508]
 [1.         0.80134828]
 [1.         1.89039803]
 [1.         0.18967335]
 [1.         1.61967278]
 [1.         0.4427477 ]
 [1.         1.86376437]
 [1.         0.1362368 ]
 [1.         1.6828569 ]
 [1.         1.27401925]
 [1.         0.66892093]
 [1.         1.34629978]
 [1.         1.10984733]
 [1.         1.05805023]
 [1.         0.14315242]]
[[ 5.21079577]
 [ 4.37474094]
 [ 7.73999565]
 [ 8.3792456 ]
 [ 9.50016999]
 [ 9.53191782]
 [ 9.40878204]
 [ 4.9897153 ]
 [ 6.43567798]
 [10.15467997]
 [ 8.26414727]
 [ 4.8916935 ]
 [ 8.73174881]
 [ 8.55450767]
 [ 9.45381495]
 [ 8.43254879]
 [ 5.59676329]
 [ 4.31553457]
 [ 7.28816196]
 [10.11714772]
 [ 7.39634924]
 [ 9.32226055]
 [ 9.74541116]
 [ 7.83450898]
 [ 9.46989244]
 [ 8.36981424]
 [ 8.92567419]
 [ 9.8325159 ]
 [ 8.00684182]
 [ 9.02763   ]
 [ 7.80636019]
 [ 6.44631222]
 [ 9.86734954]
 [ 7.25984448]
 [ 6.93356015]
 [ 7.89065243]
 [ 7.50620113]
 [ 5.03153733]
 [10.75339091]
 [ 9.83532771]
 [ 6.36951141]
 [ 7.66056259]
 [ 7.3213774 ]
 [ 9.47022322]
 [ 6.35712785]
 [ 5.35482962]
 [ 7.33730987]
 [ 6.23695535]
 [ 7.8420858 ]
 [10.01095852]
 [ 8.69453953]
 [ 5.25686217]
 [ 9.26393493]
 [ 5.61836149]
 [ 6.26226582]
 [ 9.74074861]
 [ 5.18427937]
 [ 9.66304629]
 [ 5.38571381]
 [ 5.31875365]
 [ 6.07369474]
 [ 6.30819939]
 [ 8.65124549]
 [ 5.39711502]
 [ 6.61353368]
 [ 5.6492381 ]
 [ 4.63650608]
 [ 5.74844749]
 [ 9.11335152]
 [ 9.49728079]
 [ 5.08039233]
 [ 5.29420693]
 [ 9.01117874]
 [ 8.56821239]
 [ 9.18765654]
 [ 7.89584312]
 [ 9.166093  ]
 [ 9.18571492]
 [ 6.57864815]
 [ 5.51593995]
 [ 9.59075272]
 [ 5.70466851]
 [ 8.14760394]
 [ 9.84044229]
 [ 9.96866153]
 [ 5.17223307]
 [ 7.05492141]
 [ 9.93830475]
 [ 4.89885625]
 [ 9.25730001]
 [ 5.59281834]
 [10.50488837]
 [ 5.27913069]
 [ 9.6398727 ]
 [ 8.55682968]
 [ 6.86024966]
 [ 8.29391294]
 [ 8.12210312]
 [ 7.47240453]
 [ 4.84015591]]
[[1. 0.]
 [1. 2.]]
